1558242295593550000
1521308526781820000
1480391388608880000
1557961793724560000
1561134857807630000
1557932394929300000
1559816997000830000
1558000388984430000
1560144225232200000
1558313462245120000
1362192206044350000
1353125841442490000
1401765947715630000
1406499106344730000
1381560418703870000
1469469280592820000
1378292667797300000
1377038219888320000
1352356174998470000
1382925788584890000
1226952848920890000
1240485622864720000
1254305421818350000
1296212535977430000
1323498935298580000
1309491093298380000
1325702431896780000
1212171770490260000
1263978063236390000
1320712902148570000
1189314562048310000
1087565204785780000
1185421665452180000
1126319867328460000
1203429613415740000
1093756283306420000
1100848046596710000
1166618629594590000
1101396687535230000
1110061577279930000
